> mtest = makeCacheMatrix(matrix(rnorm(16), 4, 4))
> mtest$get()
           [,1]       [,2]       [,3]       [,4]
[1,]  1.4346075 -0.2508527  0.4743419  0.6444833
[2,] -0.5734325  0.6949791 -0.2504838 -0.4612154
[3,]  0.6406244 -2.6087708 -1.0030501 -0.1148269
[4,]  1.0601694 -1.1827274 -0.9729791  0.6930692
> mtest$getinverse()
NULL
> cacheSolve(mtest)
           [,1]       [,2]        [,3]       [,4]
[1,]  1.2172024  1.4535811  0.32070953 -0.1114270
[2,]  0.2923786  0.8319808 -0.29535783  0.2328399
[3,]  0.1490461 -0.9851462  0.07746032 -0.7813473
[4,] -1.1537345 -2.1867403 -0.88586675  0.9137371
> mtest$getinverse()
           [,1]       [,2]        [,3]       [,4]
[1,]  1.2172024  1.4535811  0.32070953 -0.1114270
[2,]  0.2923786  0.8319808 -0.29535783  0.2328399
[3,]  0.1490461 -0.9851462  0.07746032 -0.7813473
[4,] -1.1537345 -2.1867403 -0.88586675  0.9137371
> cacheSolve(mtest)
getting cached data
           [,1]       [,2]        [,3]       [,4]
[1,]  1.2172024  1.4535811  0.32070953 -0.1114270
[2,]  0.2923786  0.8319808 -0.29535783  0.2328399
[3,]  0.1490461 -0.9851462  0.07746032 -0.7813473
[4,] -1.1537345 -2.1867403 -0.88586675  0.9137371
> mtest$set(matrix(rnorm(16), 4, 4))
> mtest$getinverse()
NULL
> cacheSolve(mtest)
           [,1]       [,2]        [,3]        [,4]
[1,]  0.8136955 -0.3622303 -0.01434737 -0.03994532
[2,] -2.4325487 -2.1562259 -1.79749198  0.04285927
[3,] -1.6676218 -1.9408968 -0.94492147  0.26781582
[4,] -0.4643583  0.4449560 -0.13034004  0.46947195
> cacheSolve(mtest)
getting cached data
           [,1]       [,2]        [,3]        [,4]
[1,]  0.8136955 -0.3622303 -0.01434737 -0.03994532
[2,] -2.4325487 -2.1562259 -1.79749198  0.04285927
[3,] -1.6676218 -1.9408968 -0.94492147  0.26781582
[4,] -0.4643583  0.4449560 -0.13034004  0.46947195
> mtest$get()
           [,1]       [,2]       [,3]       [,4]
[1,]  1.1492207  0.1297686 -0.2997436  0.2569276
[2,] -0.2428023  0.4064814 -0.8266264  0.4137911
[3,] -1.2395981 -1.2338448  1.4182437 -0.8018851
[4,]  1.0226749 -0.5994536  0.8807298  1.7693705
> 